111,21,372,126