17,173,519,294