141,159,314,227