299,125,383,193