43,13,236,64